1.000000000000000048e-04
1.019999999999999992e-04
1.040000000000000072e-04
1.060000000000000016e-04
1.080000000000000095e-04
1.100000000000000039e-04
1.120000000000000119e-04
1.140000000000000063e-04
1.160000000000000007e-04
1.180000000000000086e-04
1.200000000000000030e-04
1.220000000000000110e-04
1.240000000000000054e-04
1.259999999999999998e-04
1.279999999999999942e-04
1.300000000000000157e-04
1.320000000000000101e-04
1.340000000000000045e-04
1.359999999999999989e-04
1.379999999999999933e-04
